000 00
110 01
000 00
011 00
011 00
000 00
000 00
101 00
011 00
000 00
011 00
100 00
110 01
000 00
000 00
101 00
011 00
111 01
101 00
110 01
010 01
000 00
001 10
000 00
111 01
010 01
001 10
100 00
001 10
000 00
000 00
000 00
000 00
000 00
000 00
000 00
000 00
000 00
000 00
000 00
000 00
000 00
000 00
000 00
000 00
000 00
000 00
000 00
000 00
000 00
000 00
000 00
000 00
000 00
000 00
000 00
000 00
000 00
000 00
000 00
000 00
000 00
000 00
000 00
010 01
100 00
101 00
001 10
110 01
100 00
111 01
100 00
101 00
101 00
010 01
001 10
000 00
110 01
000 00
010 01
100 00
001 10
011 00
011 00
101 00
001 10
111 01
011 00
000 00
100 00
011 00
010 01
101 00
001 10
110 01
101 00
111 01
111 01
111 01
111 01
111 01
111 01
111 01
111 01
111 01
111 01
111 01
111 01
111 01
111 01
111 01
111 01
111 01
111 01
111 01
111 01
111 01
111 01
111 01
111 01
111 01
111 01
111 01
111 01
111 01
111 01
111 01
111 01
001 10
100 00
010 01
010 01
110 01
000 00
101 00
011 00
000 00
100 00
110 01
110 01
100 00
011 00
110 01
010 01
100 00
011 00
100 00
101 00
110 01
010 01
001 10
011 00
111 01
111 01
110 01
001 10
010 01
100 00
000 00
100 00
100 00
100 00
100 00
100 00
100 00
100 00
100 00
100 00
100 00
100 00
100 00
100 00
100 00
100 00
100 00
100 00
100 00
100 00
100 00
100 00
100 00
100 00
100 00
100 00
100 00
100 00
100 00
100 00
100 00
100 00
100 00
100 00
101 00
101 00
010 01
011 00
000 00
100 00
101 00
111 01
000 00
110 01
110 01
111 01
001 10
000 00
010 01
000 00
110 01
010 01
101 00
011 00
011 00
010 01
111 01
000 00
100 00
010 01
010 01
101 00
100 00
100 00
011 00
001 10
011 00
011 00
011 00
011 00
011 00
011 00
011 00
011 00
011 00
011 00
011 00
011 00
011 00
011 00
011 00
011 00
011 00
011 00
011 00
011 00
011 00
011 00
011 00
011 00
011 00
011 00
011 00
011 00
011 00
011 00
011 00
011 00
